############################################### 
###          Resultat Generale          #######
############################################### 
para_h<-c(5.282379e-08, 2.252557e-04 ,8.143868e+00 ,9.154310e-01 ,0.826485e-00,1.17890e+00, 9.784247e-01) 

time.taken
Time difference of 43.72009 secs

# Solution
> Sol
$`par`
[1] 1.587016e-06 2.219773e-04 7.262716e+00 5.113005e-01 1.810804e+00 1.001000e+00 8.940039e-01

$value
[1] -5576.459

$counts
function gradient 
1288       NA 

$convergence
[1] 0

$message
NULL

# Standard error
S_e
[1] 6.448236e-08 6.448125e-04 6.396021e-04 6.396128e-04 6.396022e-04 6.396025e-04 6.396021e-04


# RMSE
> RMSE$in
[1] 0.05454388
> RMSE$out
[1] 0.06336831
> RMSE$we
[1] 0.05762633

> MPE
[1] 1.494109
> MAE
[1] 1.673732
> MAE2
[1] 1.673732
> Vrmse
[1] 39.29519

> MPE
[1] 1.494109
> MAE
[1] 1.673732
> MAE2
[1] 1.673732
> Vrmse
[1] 39.29519