############################################### 
###          Resultat Generale          #######
############################################### 
## a0=para_h[1]; b1=para_h[2]; a1=para_h[3];  gama= para_h[4]; lambda= para_h[5]; a=para_h[6]; b=para_h[7] ;  ro=para_h[8]## ; c=para_h[5]; d=para_h[6] ; ro=para_h[8]

para_h<-c(3.788371e-13, 1.520721e-06, 4.649298e+02, 6.619980e-01, 4.400007e-01, 9.646967e-01) 

# Solution
ime difference of 12.42759 secs
> Sol
$`par`
[1] 3.788371e-13 1.520721e-06 4.651210e+02 6.620008e-01 4.400007e-01 9.646967e-01

$value
[1] -6102.55

$counts
function gradient 
293       NA 

$convergence
[1] 0

$message
NULL

> S_e
[1] 3.626398e-13 3.626398e-09 3.626376e-09 3.626376e-09 3.626376e-09 3.626376e-09

> QMLSol
$`par`
[1]  1.337329911 -0.004432882  1.551758651  1.424519069

$value
[1] 3603.88

$counts
function gradient 
231       NA 

$convergence
[1] 0

$message
NULL

# Standard error
[1]  0.110197534  0.007270608  0.00148702057 0.00272675308966

# RMSE
> RMSE1$in
[1] 0.05729999
> RMSE2$out
[1] 0.072078389
> RMSE2$we
[1] 0.06307517

> MPE
[1] -0.5589676
> MAE
[1] 0.566944
> MAE2
[1] 0.566944
> Vrmse
[1] 18.14527

[1] 0.0138733
> RMSE2$norm_rmse
[1] 0.01226903
0.01195388
> RMSE2$rmse
[1] 0.03319075
> RMSE2$norm_rmse
[1] 0.02952964
> 
