
para_h<-c(1.954353e-04,  8.108242e-02,  1.079682e+03,  4.849633e-05, -7.854745e-03,  1.040054e+02,  9.935264e-01)




para_h<-c(1.954353e-04,  8.108242e-02,  1.079682e+03,  4.849633e-05, -7.854745e-03,  1.040054e+02,  9.935264e-01) # 0.05048929

para_h<-c(1.954353e-04,  8.508242e-02,  2.079682e+03,  4.849633e-05, -7.854745e-03,  1.040054e+02,  9.935264e-01) # 0.05174282


para_h<-c(1.954353e-04,  8.508242e-02,  2.079682e+03,  4.749633e-05, -7.854745e-03,  1.040054e+02,  9.935264e-01) # 0.05059784


para_h<-c(1.954353e-04,  8.508242e-02,  2.079682e+03,  4.8449633e-05, -8.854745e-03,  1.040054e+02,  9.935264e-01) #0.05053828


para_h<-c(1.954353e-04,  8.508242e-02,  2.079682e+03,  4.849633e-05, -7.854745e-03,  1.060054e+02,  9.935264e-01)  # 0.04973702


para_h<-c(1.954353e-04,  8.508242e-02,  2.079682e+03,  4.849633e-05, -7.854745e-03,  1.007054e+02,  9.935264e-01) # 0.05199154


para_h<-c(1.954353e-04,  8.508242e-02,  2.079682e+03,  4.849633e-05, -7.854745e-03,  0.997054e+02,  9.935264e-01)  0.05438739


para_h<-c(1.954353e-04,  8.508242e-02,  2.079682e+03,  4.849633e-05, -7.854745e-03,  0.997054e+02,  9.935264e-01)

para_h<-c(1.954353e-04,  8.508242e-02,  2.079682e+03,  4.849633e-05, -7.854745e-03,  0.997054e+02,  9.935264e-01)


para_h<-c(3.147485e-05,   2.280545e-03,   3.317435e+02,   2.367314e-05,  -5.012456e-03,   1.934806e+02,  9.975730e-01)

para_h<-c(9.536855e-04,  1.822341e-03,  3.317424e+02,  1.935310e-05, -5.015929e-03 , 1.934801e+02 ,  9.946950e-01)

#  w=para_h[1]; b=para_h[2]; a=para_h[3];  c= para_h[4]; neta=para_h[5] ; nu=para_h[6]; ro=para_h[7]

para_h<-c(3.147485e-05,   2.280545e-03,   3.317435e+04,   2.367314e-05, -9.015929e-03,   121.2281,  9.975730e-01)



para_h<-c(9.536855e-04,  1.822341e-03,  3.317424e+02,  1.935310e-05, -9.015929e-03 , 121.2281,   9.946950e-01)  0.07069638

para_h<-c(9.536855e-04,  1.822341e-03,  3.317424e+03,  1.935310e-05, -9.015929e-03 , 121.2281,   9.946950e-01)  #0.05877177 0.05394399 choix 2 fois 

para_h<-c(9.536855e-04,  1.822341e-03,  7.317424e+02,  1.935310e-05, -9.015929e-03 , 121.2281,   9.946950e-01)   0.0737287


para_h<-c(9.536855e-04,  1.122341e-03,  3.317424e+03,  1.935310e-05, -9.015929e-03 , 121.2281,   9.946950e-01)  #0.05904314

para_h<-c(9.536855e-04,  1.822341e-03,  3.017424e+03,  1.935310e-05, -9.015929e-03 , 121.2281,   9.946950e-01)  #0.07085011   0.05687171 bon

para_h<-c(9.536855e-04,  1.822341e-03,  3.517424e+03,  1.935310e-05, -9.015929e-03 , 121.2281,   9.946950e-01)  #0.05468742


para_h<-c(9.536855e-04,  1.822341e-04,  3.317424e+03,  1.935310e-05, -9.015929e-03 , 121.2281,   9.946950e-01) # 0.05939768

para_h<-c(9.536855e-04,  1.822341e-04,  3.317424e+03,  1.935310e-05, -1.102374e-02, 99.09872,   9.946950e-01) # 0.09752997

para_h<-c(5.536855e-04,  1.822341e-03,  3.517424e+03,  1.935310e-05, -9.015929e-03 , 121.2281,   9.946950e-01)

para_h<-para_h1
  
b=-1.102374e-02

a= (1.2/ (b^2-(0.5)*(b^3)))^(1/2)

1.2

para_h<-c(2.168517e-04 , 8.263630e-02 , 1.079152e+02,  4.459861e-05, -7.829797e-03 , 1.040006e+02, 7.979542e-01)

