############################################### 
###          Resultat Generale          #######
############################################### 
para_h<-c(4.238940e-06 , 2.058376e-03  ,3.317425e+03 , 5.058743e-05, -8.281782e-03 , 1.2584e+02 )   ## RMSE2$rmse :0.05435837 RMSE3$rmse : 0.06742708

time.taken
Time difference of 41.26547 secs

# Solution
$`par`
[1]  9.427303e-06  2.051123e-03  3.317425e+03  4.725221e-05 -7.973112e-03  1.258399e+02  9.946611e-01

$value
[1] 4706.226

$counts
function gradient 
1021       NA 

$convergence
[1] 0

$message
NULL

# Standard error
[1] 9.356137e-05 1.119981e-04 9.356927e-05 1.434307e-06 9.359197e-05 9.356968e-05 9.357352e-05

# RMSE
> RMSE1$in
[1] 0.03381406
> RMSE2$out
[1] 0.04287557
> RMSE2$we
[1] 0.03891758

> MPE
[1] 1.166707
> MAE
[1] 1.210328
> MAE2
[1] 1.210328
> Vrmse
[1] 28.88739



