
para_h<-c(2.169572e-04,    9.637937e-02,    2.478883e+01,    4.539364e-05,   -7.390387e-03) ## lineaire 0.043

para_h<-c(8.091671e-06,  5.403103e-01,  3.314925e+02,  1.064349e-05, -4.915000e-03)     ## lineaire 0.041


para_h<-c(2.168517e-04 , 8.263630e-02 , 1.079152e+02,  4.459861e-05, -7.829797e-03)  ## quaqratique 0.04899681


para_h<-c(9.184521e-05,  8.249134e-02,  1.079153e+02,  3.661078e-05, -7.722137e-03)  ## calibration 0.04334004