############################################################
####               NLS estimation                         ##
############################################################
##   Initial parameter  ##
##   w=para_h[1]; b=para_h[2]; a=para_h[3];  c= para_h[4]; neta=para_h[5]

para_h<-c(2.181817e-04, 9.872674e-02 , 2.478763e+01,  6.332386e-05, -9.564263e-03)


###   Solution 

para_h1<-c(5.196270e-05, 9.876680e-02,   2.478770e+01,   1.352510e-09,  -9.594271e-03)

> NLSMSE
$par
[1]  5.196270e-05  9.876680e-02  2.478770e+01  1.352510e-09 -9.594271e-03

$value
[1] 0.03467552

$counts
function gradient 
     372       NA 

$convergence
[1] 0

$message
NULL


###  RMSE 2009 = 0.03467558

###  RMSE 2010 = 0.0548243

############################################################
####                 RMSE Tables                          ##
############################################################
###2009
> Data.in.RMSE.All
                    0<T<20     20<T<80    80<T<180       Total
0<S/K<0.975    0.043604015 0.007504856 0.007032535 0.021087395
0.975<S/K<1.00 0.006140381 0.007093599 0.008340934 0.007151408
1.00<S/K<1.025 0.005878426 0.006591495 0.007373999 0.006704315
1.025<S/K<1.05 0.005267307 0.006026881 0.007139713 0.006060407
1.05<S/K<1.075 0.013402097 0.005652404 0.006989614 0.008400718
1.075<S/K      0.113058733 0.026202798 0.005988144 0.052637312
Total          0.071052865 0.016746510 0.006738120 0.034675510



###2010

> Data.in.RMSE.All
                    0<T<20     20<T<80    80<T<180       Total
0<S/K<0.975    0.060318948 0.021816742 0.002939390 0.028866304
0.975<S/K<1.00 0.004056183 0.002727941 0.003764566 0.003327640
1.00<S/K<1.025 0.003874153 0.003537699 0.004144567 0.003782235
1.025<S/K<1.05 0.005864968 0.003213470 0.003913236 0.004056826
1.05<S/K<1.075 0.011915150 0.003116064 0.003233358 0.006073242
1.075<S/K      0.199559120 0.055255889 0.045871277 0.088366177
Total          0.113920633 0.035759779 0.026963305 0.054824370
> 

