############################################################
####               NLS estimation                         ##
############################################################
##   Initial parameter  ##
##   w=para_h[1]; b=para_h[2]; a=para_h[3];  c= para_h[4]; neta=para_h[5]

para_h<-c(2.181817e-04, 9.872674e-02 , 2.478763e+01,  6.332386e-05, -9.564263e-03)


###   Solution 

para_h1<-c( 1.115181e-04  9.876123e-02  2.478762e+01  5.376397e-05 -9.433922e-03)

> NLSMSE
$par
[1]  1.115181e-04  9.876123e-02  2.478762e+01  5.376397e-05 -9.433922e-03

$value
[1] 0.04769948

$counts
function gradient 
     654       NA 

$convergence
[1] 0

$message
NULL

###  RMSE 2009 = 0.04769948

###  RMSE 2010 = 0.1005769

############################################################
####                 RMSE Tables                          ##
############################################################
###2009
> Data.in.RMSE.All
                    0<T<20     20<T<80    80<T<180       Total
0<S/K<0.975    0.082437294 0.021516006 0.007957068 0.041379385
0.975<S/K<1.00 0.008558796 0.006241285 0.005071157 0.006652337
1.00<S/K<1.025 0.009948343 0.007067806 0.006084129 0.007475014
1.025<S/K<1.05 0.012465799 0.007034832 0.005784917 0.008439224
1.05<S/K<1.075 0.023119896 0.008757076 0.007071139 0.013373786
1.075<S/K      0.132591299 0.041468734 0.016108024 0.065529882
Total          0.093281434 0.028662456 0.011693967 0.047699477



###2010

> Data.in.RMSE.All
                   0<T<20    20<T<80    80<T<180      Total
0<S/K<0.975    0.15430526 0.09102473 0.018248700 0.09146536
0.975<S/K<1.00 0.01443661 0.01002508 0.008832586 0.01078138
1.00<S/K<1.025 0.01348457 0.01005069 0.008930389 0.01049984
1.025<S/K<1.05 0.01854469 0.01115878 0.009499156 0.01258947
1.05<S/K<1.075 0.02750358 0.01196536 0.010343085 0.01610793
1.075<S/K      0.27440405 0.09438324 0.125971101 0.14124525
Total          0.17603181 0.07986973 0.074733555 0.10057688
> 

