para_h<-c(9.536855e-05,  1.822341e-03,  3.317424e+02,  1.935310e-05, -5.015929e-03 , 1.934801e+02 , 1.037501e+00,  9.946950e-01)  0.05040445





para_h<-c(9.536855e-05,  1.822341e-03,  3.317424e+02,  1.935310e-05, -5.015929e-03 , 1.934801e+02 , 1.337501e+00,  9.946950e-01)   0.05296623



para_h<-c(9.736855e-05,  1.822341e-03,  3.317424e+02,  1.935310e-05, -5.015929e-03 , 1.934801e+02 , 1.637501e+00,  9.946950e-01)  0.03979512


para_h<-c(8.091671e-06,  5.403103e-01,  3.314925e+02,  1.064349e-05, -4.915000e-03,  1.935528e+02,  1.245368e+00,  9.829976e-01) 0.04151521,1.242834




para_h<-c(9.536855e-05,  2.822341e-03,  4.317424e+02,  1.935310e-05, -5.015929e-03 , 1.934801e+02 , 1.237501e+00,  9.946950e-01)  



para_h<-c(9.516143e-05,  1.164650e-02, 3.960118e+02,  1.892170e-05, -4.989775e-03,  1.944977e+02,  1.110000e+00,  9.952827e-01)

para_h<-c(9.091671e-06,  5.403103e-01,  6.714925e+02,  1.064349e-05, -4.915000e-03,  1.935528e+02,  1.245368e+00,  9.829976e-01) # 0.04135895 PI<=1.1059e+00

para_h<-c(9.091671e-06,  5.403103e-01,  6.714925e+02,  1.064349e-05, -4.915000e-03,  1.935528e+02,  1.215368e+00,  9.829976e-01)  # 0.04101622


para_h<-c(9.091671e-06,  5.403103e-01,  6.714925e+02,  1.064349e-05, -4.915000e-03,  1.935528e+02,  1.375368e+00,  9.829976e-01)  # 0.04293905

para_h<-c(9.091671e-06,  5.403103e-01,  6.714925e+02,  1.064349e-05, -4.915000e-03,  1.935528e+02,  1.37965e+00,  9.829976e-01)  # 0.04299391

para_h<-c(9.091671e-06,  5.403103e-01,  6.714925e+02,  1.064349e-05, -4.915000e-03,  1.935528e+02,  1.38165e+00,  9.829976e-01)  # 0.0430185

para_h<-c(9.091671e-06,  5.403103e-01,  6.714925e+02,  1.064349e-05, -4.915000e-03,  1.945528e+02,  1.38665e+00,  9.829976e-01)  # 0.04306788

para_h<-c(9.091671e-06,  5.31248e-01,  6.714925e+02,  1.064349e-05, -4.915000e-03,  1.945528e+02,  1.38665e+00,  9.829976e-01)  #  0.04309794

para_h<-c(8.091671e-06,  5.31248e-01,  6.714925e+02,  1.064349e-05, -4.915000e-03,  1.945528e+02,  1.38665e+00,  9.829976e-01)  # 0.04335517


para_h<-c(7.564232e-06,    5.210735e-01, 6.715005e+02, 1.125595e-05, -5.087687e-03, 1.945410e+02,  1.392087e+00,   9.950017e-01) # 0.04335517

para_h<-c(1.890578e-06 , 6.587612e-01,  6.745762e+02 , 8.128110e-06, -5.028592e-03 , 1.944569e+02 , 1.320707e+00 , 9.895127e-01) # 0.04445517




para_h<-c(5.635434e-04,  2.588138e-02 , 4.317516e+02,  2.825812e-06, -6.071209e-03,  1.934768e+02, 1.2453681e+00,  7.998157e-01) 0.055135

para_h<-c(5.635434e-04,  2.588138e-02 , 4.317516e+02,  2.825812e-06, -6.071209e-03,  1.934768e+02, 1.2453681e+00,  7.998157e-01) 0.055135

para_h<-c(9.536855e-05,  1.822341e-03,  3.317424e+02,  1.935310e-05, -5.015929e-03 , 1.934801e+02 , 1.137501e+00,  9.946950e-01) # 0.05369616 PI<1.1

para_h<-c(9.536855e-04,  1.822341e-03,  3.317424e+02,  1.935310e-05, -5.015929e-03 , 1.934801e+02 , 1.137501e+00,  9.946950e-01)  0.0517711


para_h<-c(3.147485e-05 , 2.280545e-03 , 3.317435e+02 , 2.367314e-05, -5.012456e-03,  1.934806e+02,  1.137858e+00,  9.975730e-01) 0.05131869

para_h<-Sol$par
 
para_h<-c(9.516143e-05 , 1.164650e-02 , 3.960118e+02 , 1.892170e-05, -4.989775e-03 , 1.944977e+02  ,1.110000e+00 , 9.952827e-01)  #  0.05363943
