# N-GARCH  9.058076 ====> IG_Ret_Vix_Ushp  ====> 1 
para_h=c(4.000947e-06,9.329442e-01,3.700079e-02,-6.45264e-02,-7.745388e-03,9.117135e+00,-5.688762e+00,2.653576e+00,1.099060e+00,9.183721e-01) 
[1] -0.008101069
> MAE
[1] 0.00273632
> MAE2
[1] 0.00273632
> Vrmse
[1] 0.09158076



# N-GARCH  9.35707 ====> IG_Ret_Vix_ess ====> 3 
para_h=c(3.870947e-06,9.329442e-01,3.700079e-02,-4.998964e-02,-7.645388e-03,9.117135e+00,-5.688762e+00,2.653576e+00,1.099060e+00,9.183721e-01) 
[1] 0.0009682819
> MAE
[1] 0.002755145
> MAE2
[1] 0.002755145
> Vrmse
[1] 0.0935707


# N-GARCH  9.086508 ====> IG_Opt_Ret_Ushp  ====> 2
para_h=c(4.000947e-06,9.329442e-01,3.700079e-02,-5.45264e-02,-7.645388e-03,9.117135e+00,-5.688762e+00,2.653576e+00,1.099060e+00,9.183721e-01) 
[1] 0.0002536522
> MAE
[1] 0.002778403
> MAE2
[1] 0.002778403
> Vrmse
[1] 0.0986508



# N-GARCH  9.911162 ====> IG_Opt_Ret_ess  ====> 4
para_h=c(3.770947e-06,9.329442e-01,3.700079e-02,-4.998964e-02,-7.645388e-03,9.117135e+00,-5.688762e+00,2.653576e+00,1.099060e+00,9.183721e-01) 
[1] -0.0001457997
> MAE
[1] 0.002724038
> MAE2
[1] 0.002724038
> Vrmse
[1] 0.09911162

# N-GARCH  10.44559 ====> IG_Ret_ess  ====> 6
para_h=c(2.950947e-06,9.329442e-01,3.877779e-02,-4.548964e-02,-7.645388e-03,9.117135e+00,-5.688762e+00,2.653576e+00,1.099060e+00,9.183721e-01) 
> MPE
[1] -0.0004310256
> MAE
[1] 0.002884221
> MAE2
[1] 0.002884221
> Vrmse
[1] 0.1044559

# N-GARCH  10.28176 ====>   NIG_NGARCH_Ret_Vix_EGP ====> 5 
para_h=c(3.270947e-06,9.329442e-01,3.877779e-02,-4.548964e-02,-7.645388e-03,9.117135e+00,-5.688762e+00,2.653576e+00,1.099060e+00,9.183721e-01) 
[1] 0.0003958626
> MAE
[1] 0.002947814
> MAE2
[1] 0.002947814
> Vrmse
[1] 0.1028176

# GJR   11.55289%  ====>  G_NGARCH_Ret_Vix_Qua ====> 
para_h<-c(8.16114e-06, 1.140920e-01, 3.414276e-02, 8.504266e-01, 2.40154e-01, 8.924053e-01)
[1] 0.0005650821
> MAE
[1] 0.003481482
> MAE2
[1] 0.003481482
> Vrmse
[1] 0.1155289



# N-GARCH   11.73762 ====>  G_GJR_Ret_Vix_Qua ====> 
para_h=c(2.550947e-06,9.329442e-01,3.877779e-02,-4.548964e-02,-7.645388e-03,9.117135e+00,-5.688762e+00,2.653576e+00,1.099060e+00,9.183721e-01) 
[1] -0.00149618
> MAE
[1] 0.003092338
> MAE2
[1] 0.003092338
> Vrmse
[1] 0.1173762



# N-GARCH   12.33194 ====> G_HN_Ret_Vix_Qua ====> 
para_h=c(2.150947e-06,9.329442e-01,3.877779e-02,-4.548964e-02,-7.645388e-03,9.117135e+00,-5.688762e+00,2.653576e+00,1.099060e+00,9.183721e-01) 
[1] -0.002600318
> MAE
[1] 0.003683581
> MAE2
[1] 0.003683581
> Vrmse
[1] 0.1233194

# N-GARCH   12.89471 ====> G_HN_Op_Ret_Qua ====> 
para_h=c(2.000947e-06,9.329442e-01,3.877779e-02,-4.548964e-02,-7.645388e-03,9.117135e+00,-5.688762e+00,2.653576e+00,1.099060e+00,9.183721e-01) 
[1] -0.003025434
> MAE
[1] 0.003988123
> MAE2
[1] 0.003988123
> Vrmse
[1] 0.1289471



# GJR   1239022 ====> NIG_NGARCH_Ret_Vix_ess ====> 
para_h<-c(9.56114e-06, 1.140920e-01, 2.314276e-02, 8.504266e-01, 1.989254e-01, 8.924053e-01)
[1] 0.0004220416
> MAE
[1] 0.00376866
> MAE2
[1] 0.00376866
> Vrmse
[1] 0.1239022

# GJR   12.40811% ====> NIG_GJR_Ret_Vix_ess ====> 
para_h<-c(9.966114e-06, 1.140920e-01, 2.314276e-02, 8.504266e-01, 1.989254e-01, 8.924053e-01)
[1] 0.0009180647
> MAE
[1] 0.00390909
> MAE2
[1] 0.00390909
> Vrmse
[1] 0.1240811



# N-GARCH   13.70066% ====> NIG_HN_Ret_Vix_ess ====> 
para_h=c(2.050947e-06,9.329442e-01,3.877779e-02,-4.548964e-02,-7.645388e-03,9.117135e+00,-5.688762e+00,2.653576e+00,1.099060e+00,9.183721e-01) 
[1] -0.002883022
> MAE
[1] 0.003883407
> MAE2
[1] 0.003883407
> Vrmse
[1] 0.1370066



# N-GARCH   14.33924 ====> NIG_HN_Op_Ret_ess ====> 
para_h=c(1.891947e-06,9.329442e-01,3.877779e-02,-4.548964e-02,-7.645388e-03,9.117135e+00,-5.688762e+00,2.653576e+00,1.099060e+00,9.183721e-01) 
[1] -0.003338418
> MAE
[1] 0.004224257
> MAE2
[1] 0.004224257
> Vrmse
[1] 0.1433924



# N-GARCH   18.0925% ====> NIG_HN_Ret_ess ====>
para_h=c(1.783635e-06 9.329418e-01 3.877832e-02 8.775196e-08 4.582560e-01 9.170033e-01) 

[1] -0.005754814
> MAE
[1] 0.006259736
> MAE2
[1] 0.006259736
> Vrmse
[1] 0.180925



# GJR   0,16285 ====> NIG_NGARCH_Ret_ess ====>
para_h = c(5.987174e-06, 1.240911e-01, 2.314265e-02, 8.504269e-01, 3.784983e-02 ,9.546611e-01)  ## RMSE2$rmse : 0.1451813  RMSE3$rmse : 0.05582874
> MPE
[1] -0.003271326
> MAE
[1] 0.004100343
> MAE2
[1] 0.004100343
> Vrmse
[1] 0.1628548


# GJR   16.83406% ====> NIG_GJR_Ret_ess ====>
para_h  = c(3.700414e-06, 1.239971e-01, 4.909138e-08, 8.503998e-01, 4.049242e-01, 9.946626e-01) 

[1] -0.004686806
> MAE
[1] 0.005065128
> MAE2
[1] 0.005065128
> Vrmse
[1] 0.1683406


# GJR 0.16729% ====> G_NGARCH_Ret_Vix_ess ====>
para_h<-c(4.966114e-06, 1.240920e-01, 2.314276e-02, 8.504266e-01, 1.989254e-01, 8.924053e-01)
[1] -0.009950154
> MAE
[1] 0.004517471
> MAE2
[1] 0.004517471
> Vrmse
[1] 0.01672981

# GJR   0.1665318% ====> G_GJR_Ret_Vix_ess ====>
para_h<-c(8.16114e-06, 1.140920e-01, 3.414276e-02, 8.504266e-01, 2.050154e-01, 8.924053e-01)
[1] -0.0003355694
> MAE
[1] 0.00348135
> MAE2
[1] 0.00348135
> Vrmse
[1] 0.1665318

# GJR   17.69371% ====> G_HN_Ret_Vix_ess ====>
para_h<-c(9.966114e-06, 1.240920e-01, 2.314276e-02, 8.504266e-01, 1.989254e-01, 8.924053e-01)

[1] 0.003405768
> MAE
[1] 0.0046588
> MAE2
[1] 0.0046588
> Vrmse
[1] 0.1769371



# GJR   17.74914%   ====>  G_HN_Op_Ret_ess  ====> 
para_h<-c(8.16114e-06, 1.140920e-01, 3.414276e-02, 8.504266e-01, 2.010154e-01, 8.924053e-01)
> MPE
[1] -0.00346236
> MAE
[1] 0.004104037
> MAE2
[1] 0.004104037
> Vrmse
[1] 0.1794551



# N-GARCH   24.00792 ====>  G_NGARCH_Ret_ess  ====> 
para_h=c(1.091947e-07,9.329442e-01,3.877779e-02,-4.548964e-02,-7.645388e-03,9.117135e+00,-5.688762e+00,2.653576e+00,1.099060e+00,9.183721e-01) 

[1] -0.009104847
> MAE
[1] 0.009424519
> MAE2
[1] 0.9424519
> Vrmse
[1] 0.02400792
> 

# IG   26.9595 ====>  G_GJR_Ret_ess  ====> 
para_h<-c(9.996201e-06,  8.126756e-03,  3.317423e+03 ,4.491365e-05, -7.516695e-03 , 1.258370e+02,  1.377198e+00 , 9.762589e-01 )   
[1] 0.01038161
> MAE
[1] 0.1131907
> MAE2
[1] 1.131907
> Vrmse
[1] 0.269595
> 



# 27.74387 ====>  G_HN_Ret_ess  ====> 
para_h<-c(9.976201e-06,  8.026756e-03,  3.317423e+03 , 4.491365e-05, -7.516695e-03 , 1.258370e+02,  1.097198e+00 , 9.962589e-01 )   

> MPE
[1] 0.01108308
> MAE
[1] 0.01164508
> MAE2
[1] 1.164508
> Vrmse
[1] 0.2774387
