############################################### 
###          Resultat Generale          #######
############################################### 
##    a0=para_h[1]; b1=para_h[2]; a1=para_h[3];  gama= para_h[4]; lambda= para_h[5]

para_h<-c(4.705257e-06  ,7.957262e-02  ,6.170762e-02 , 1.394690e+00 , 5.144851e-02)

time.taken
Time difference of 10.57245 secs

# Solution
> Sol
$`par`
[1]  2.027476e-05  9.992334e-01  7.237317e-09  1.025128e+00 -1.338783e-01  

$value
[1] 1666.962

$counts
function gradient 
1105       NA 

$convergence
[1] 0

$message
NULL
# Standard error
[1] 4.932143e-06 1.857258e-04 1.533786e-08 1.531803e-04 1.531834e-04 1.531803e-04 1.531803e-04

# RMSE
> RMSE1$in
[1] 0.05661986
> RMSE2$out
[1] 0.07257198
> RMSE2$we
[1] 0.06366201

> MPE
[1] 0.4439605
> MAE
[1] 0.6298235
> MAE2
[1] 0.6298235
> Vrmse
[1] 18.45451


