############################################### 
###          Resultat Generale          #######
############################################### 
para_h<-c(4.238940e-06 , 2.058376e-03  ,3.317425e+03 , 5.058743e-05, -8.281782e-03 , 1.2584e+02 )   ## RMSE2$rmse :0.05435837 RMSE3$rmse : 0.06742708

time.taken
Time difference of 5.47373 secs

# Solution
> Sol
$`par`
[1]  3.249840e-06 0.077376e-03 3.3013217e+03 5.04031e-05 -8.278782e-03 1.25631e+02

$value
[1] -8795.638

$counts
function gradient 
311       NA 

$convergence
[1] 0

$message
NULL

# Standard error
[1] 1.32858e-07 7.404556e-04 2.079540e-04 3.85941e-07 3.28657e-05 1.27947e-04


# RMSE
> RMSE1$in
[1] 0.03335749
> RMSE2$out
[1] 0.04190233
> RMSE2$we
[1] 0.0383845


> MPE
[1] 1.308704
> MAE
[1] 1.326823
> MAE2
[1] 1.326823
> Vrmse
[1] 31.77595


