############################################### 
###          Resultat Generale          #######
############################################### 
para_h<-c(4.238940e-06 , 2.058376e-03  ,3.317425e+03 , 5.058743e-05, -8.281782e-03 , 1.2584e+02 )   ## RMSE2$rmse :0.05435837 RMSE3$rmse : 0.06742708

time.taken
Time difference of 5.47373 secs

# Solution
> Sol
$`par`
[1]  9.824101e-06  1.215742e-03  3.319843e+03  4.543030e-05 -7.531343e-03  1.258401e+02

$value
[1] -7873.638

$counts
function gradient 
311       NA 

$convergence
[1] 0

$message
NULL

# Standard error
[1] 2.129407e-07 2.572956e-04 2.196540e-04 1.167541e-07 2.008657e-05 2.196547e-04

# RMSE
> RMSE1$in
[1] 0.03436143
> RMSE2$out
[1] 0.0454152
> RMSE2$we
[1] 0.04040568

> MPE
[1] 1.308704
> MAE
[1] 1.326823
> MAE2
[1] 1.326823
> Vrmse
[1] 31.77595





