############################################################
####                Resultat                              ##
############################################################
##a0=para_h[1]; a1=para_h[2]; gama=para_h[3];  b1= para_h[4] ;  lamda0= para_h[5]  

para_h<-c(1.854299e-04,3.345238e-04, 0.142406e+01, 1.124012e-03 ,6.573458e-01)

###   Solution 
> Sol
$par
[1] 1.180234e-12 1.547729e-06 4.550518e+02 6.500111e-01 8.596182e+00

$value
[1] -18367.14

$counts
function gradient 
371       NA 

$convergence
[1] 0

$message
NULL


# RMSE 
> RMSE1$in
[1] 0.05589917
> RMSE1$out
[1] 0.0651246
> RMSE1$we
[1] 0.0580351


> MPE
[1] 1.768878
> MAE
[1] 1.919463
> MAE2
[1] 1.919463
> Vrmse
[1] 44.58743


