############################################### 
###          Resultat Generale          #######
############################################### 
para_h<-c(3.238940e-06 , 2.058376e-03  ,3.317425e+03 , 5.058743e-05, -8.281782e-03 , 1.2584e+02, 1.1003707e+00)


# Solution
$`par`
[1]  1.010747e-05  2.282316e-03  3.317425e+03  4.514664e-05 -7.499894e-03  1.258394e+02  1.100010e+00

$value
[1] 7856.2736

$counts
function gradient 
1464      NA 

$convergence
[1] 0

$message
NULL

# Standard error
[1] 4.68491490e-06 1.6817655e-07 4.6817651e-06 4.81465164e-06 9.681465416e-03 7.99451e-05 2.210526e-06

# RMSE
> RMSE1$in
[1] 0.03327742
> RMSE2$out
[1] 0.04005787
> RMSE2$we
[1] 0.03640032

> MPE
[1] 1.231865
> MAE
[1] 1.268672
> MAE2
[1] 1.268672
> Vrmse
[1] 30.19202
