# 27.86048
para_h<-c(1.003502e-05, 2.417558e-03 , 3.317749e+03 , 4.525727e-05, -7.519624e-03 , 1.258809e+02,  1.100000e+00 , 9.959896e-01)


# 27.82846
para_h<-c(9.876201e-06,  8.626756e-03,  3.317423e+03 , 4.491365e-05, -7.516695e-03 , 1.258370e+02,  1.097198e+00 , 9.962589e-01 )   

# 27.7919
para_h<-c(9.976201e-06,  8.626756e-03,  3.317423e+03 , 4.491365e-05, -7.516695e-03 , 1.258370e+02,  1.097198e+00 , 9.962589e-01 )   



# 27.74387
para_h<-c(9.976201e-06,  8.026756e-03,  3.317423e+03 , 4.491365e-05, -7.516695e-03 , 1.258370e+02,  1.097198e+00 , 9.962589e-01 )   


# 27.18128
para_h<-c(9.976201e-06,  8.026756e-03,  3.317423e+03 ,4.491365e-05, -7.516695e-03 , 1.258370e+02,  1.197198e+00 , 9.962589e-01 )   

# 26.9595
para_h<-c(9.996201e-06,  8.126756e-03,  3.317423e+03 ,4.491365e-05, -7.516695e-03 , 1.258370e+02,  1.377198e+00 , 9.762589e-01 )   








