############################################### 
###          Resultat Generale          #######
############################################### 
##a0=para_h[1]; a1=para_h[2]; gama=para_h[3];  b1= para_h[4] ;  lamda0= para_h[5]   ; Pi=para_h[6] 
para_h<-c(5.282379e-08, 2.252557e-04 ,8.143868e+00 ,9.154310e-01 ,0.826485e-00,1.17890e+00) 


# Solution
Sol
$`par`
[1] 2.278319e-05 1.969895e-04 9.964591e+00 1.419832e-01 1.723114e-03 1.272333e+00

$value
[1] -5391.126

$counts
function gradient 
713       NA 

$convergence
[1] 0

$message
NULL

# Standard error
S_e
[1] 2.842440e-06 5.193550e-05 2.021788e-02 2.230861e-02 2.061679e-06 2.021286e-02


# RMSE
> RMSE$in
[1] 0.05354098
> RMSE$out
[1] 0.06270406
> RMSE$we
[1] 0.05734967

> MPE
[1] 1.176335
> MAE
[1] 1.732023
> MAE2
[1] 1.732023
> Vrmse
[1] 39.29519








