# GJR   31%
para_h = c(6.094e-07, 1.240e-01, 2.314e-02, 8.504e-01, 6.025e-02, 9.946611e-01)  ## RMSE2$rmse : 0.1451813  RMSE3$rmse : 0.05582874

# GJR   14%
para_h = c(3.700414e-06, 1.239971e-01, 4.909138e-08, 8.503998e-01, 4.049242e-01, 9.946626e-01) 

# GJR   15%
para_h = c(5.987174e-06, 1.240911e-01, 2.314265e-02, 8.504269e-01, 3.784983e-02 ,9.546611e-01)  ## RMSE2$rmse : 0.1451813  RMSE3$rmse : 0.05582874

# GJR   13%
para_h<-c(4.966114e-06, 1.240920e-01, 2.314276e-02, 8.504266e-01, 1.989254e-01, 8.924053e-01)


# GJR   12%
para_h<-c(9.966114e-06, 1.240920e-01, 2.314276e-02, 8.504266e-01, 1.989254e-01, 8.924053e-01)


# GJR   12.40811%
para_h<-c(9.966114e-06, 1.140920e-01, 2.314276e-02, 8.504266e-01, 1.989254e-01, 8.924053e-01)



# GJR   12.58249%
para_h<-c(9.966114e-06, 1.130920e-01, 2.314276e-02, 8.504266e-01, 1.989254e-01, 8.924053e-01)



# GJR   12.3852%
para_h<-c(9.56114e-06, 1.140920e-01, 2.314276e-02, 8.504266e-01, 1.989254e-01, 8.924053e-01)



# GJR   11.97394%
para_h<-c(9.56114e-06, 1.140920e-01, 3.414276e-02, 8.504266e-01, 1.989254e-01, 8.924053e-01)



# GJR   11.7728%
para_h<-c(9.16114e-06, 1.140920e-01, 3.414276e-02, 8.504266e-01, 1.989254e-01, 8.924053e-01)

# GJR   11.77028%
para_h<-c(8.16114e-06, 1.140920e-01, 3.414276e-02, 8.504266e-01, 1.989254e-01, 8.924053e-01)

# GJR 14.019%
para_h<-c(6.16114e-06, 1.140920e-01, 3.414276e-02, 8.504266e-01, 1.989254e-01, 8.924053e-01)


# GJR   12.53206%
para_h<-c(7.16114e-06, 1.140920e-01, 3.414276e-02, 8.504266e-01, 1.989254e-01, 8.924053e-01)


# GJR   11.74914%
para_h<-c(8.16114e-06, 1.140920e-01, 3.414276e-02, 8.504266e-01, 2.010154e-01, 8.924053e-01)


# GJR   11.71054%
para_h<-c(8.16114e-06, 1.140920e-01, 3.414276e-02, 8.504266e-01, 2.020154e-01, 8.924053e-01)



# GJR   11.65318%
para_h<-c(8.16114e-06, 1.140920e-01, 3.414276e-02, 8.504266e-01, 2.050154e-01, 8.924053e-01)


# GJR   11.6342%
para_h<-c(8.16114e-06, 1.140920e-01, 3.414276e-02, 8.504266e-01, 2.060154e-01, 8.924053e-01)


# GJR   11.44925%
para_h<-c(8.16114e-06, 1.140920e-01, 3.414276e-02, 8.504266e-01, 2.160154e-01, 8.924053e-01)



# GJR   11.27498%
para_h<-c(8.16114e-06, 1.140920e-01, 3.414276e-02, 8.504266e-01, 2.260154e-01, 8.924053e-01)


# GJR   11.05289%
para_h<-c(8.16114e-06, 1.140920e-01, 3.414276e-02, 8.504266e-01, 2.40154e-01, 8.924053e-01)


# GJR   10.71987%
para_h<-c(8.16114e-06, 1.140920e-01, 3.414276e-02, 8.504266e-01, 2.70154e-01, 8.924053e-01)

# GJR   10.66565%
para_h<-c(8.16114e-06, 1.140920e-01, 3.414276e-02, 8.504266e-01, 2.80154e-01, 8.924053e-01)


# GJR   10.66212%
para_h<-c(8.16114e-06, 1.140920e-01, 3.414276e-02, 8.504266e-01, 2.81154e-01, 8.924053e-01)

# GJR   10.48822%
para_h<-c(7.16114e-06, 1.140920e-01, 3.414276e-02, 8.504266e-01, 2.81154e-01, 8.924053e-01)


# GJR   11.30519%
para_h<-c(6.16114e-06, 1.140920e-01, 3.414276e-02, 8.504266e-01, 2.81154e-01, 8.924053e-01)



# GJR   10.5248%
para_h<-c(7.06114e-06, 1.140920e-01, 3.414276e-02, 8.504266e-01, 2.81154e-01, 8.924053e-01)



























