############################################### 
###          Resultat Generale          #######
############################################### 
para_h<-c(2.176029e-10, 3.219194e-04, 8.622389e+00, 6.255603e-01, 0.7426485e-00,9.784247e-01) 

time.taken
Time difference of 43.72009 secs

# Solution
Sol
$`par`
[1] 3.285081e-05 3.600148e-04 9.258200e+00 2.510017e-01 1.353767e-06 9.718883e-01

$value
[1] -5391.126

$counts
function gradient 
713       NA 

$convergence
[1] 0

$message
NULL

# Standard error
S_e
[1] 2.842440e-06 5.193550e-05 2.021788e-02 2.230861e-02 2.061679e-06 2.021286e-02


# RMSE
> RMSE$in
[1] 0.05629081
> RMSE$out
[1] 0.06630924
> RMSE$we
[1] 0.05866588

> MPE
[1] 1.904807
> MAE
[1] 2.027195
> MAE2
[1] 2.027195
> Vrmse
[1] 46.89971













