############################################################
####             VIX Heston Nandi estimation              ##
############################################################
##   Initial parameter  ##
#  a0=para_h[1]; a1=para_h[2]; gamastar=para_h[3];  b1= para_h[4]

para_h<-c(1.180234e-12, 1.547729e-06, 4.550518e+02, 6.500111e-01 )

###   Solution 
para_h<-c(6.218130e-06, 1.073303e-06, 4.550518e+02, 6.499987e-01)

> NLSMSE
$par
[1] 6.218130e-06 1.073303e-06 4.550518e+02 6.499987e-01

$value
[1] 0.03465786

$counts
function gradient 
     253       NA 

$convergence
[1] 0

$message
NULL

> time.taken
Time difference of 5.215114 hours

###  RMSE 2009= 0.034657855

###  RMSE 2010= 0.054837623

############################################################
####                 RMSE Tables                          ##
############################################################
###2009
> Data.in.RMSE.All
                    0<T<20     20<T<80    80<T<180       Total
0<S/K<0.975    0.043692904 0.007420002 0.006955929 0.021103616
0.975<S/K<1.00 0.005407595 0.006965266 0.008270458 0.006923614
1.00<S/K<1.025 0.005745518 0.006541810 0.007359135 0.006651834
1.025<S/K<1.05 0.005087033 0.006021684 0.007145438 0.006022864
1.05<S/K<1.075 0.013073121 0.005628177 0.006981270 0.008266901
1.075<S/K      0.113009407 0.026170796 0.005979200 0.052608501
Total          0.071039885 0.016707938 0.006698808 0.034657855

###2010
> MRMSE
                    0<T<20     20<T<80    80<T<180       Total
0<S/K<0.975    0.060992890 0.022082239 0.002913185 0.029196066
0.975<S/K<1.00 0.004162561 0.002712444 0.003756475 0.003344960
1.00<S/K<1.025 0.003920554 0.003555698 0.004164444 0.003806276
1.025<S/K<1.05 0.005935687 0.003232251 0.003930917 0.004089605
1.05<S/K<1.075 0.011914671 0.003170723 0.003283764 0.006095223
1.075<S/K      0.199324567 0.055241919 0.045796484 0.088277748
Total          0.113936580 0.035814490 0.026919280 0.054843381










