para_h<-c(6.094623e-12, 1.240910e-08, 2.314263e-10, 8.504270e-01, 6.025119e-02) ####  0.2019


para_h<-c(5.713072e-11, 1.530913e-06, 4.550962e+02 ,6.500087e-01 ,1.129117e+01)



para_h<-c(6.094623e-12, 7.240910e-09, 2.314263e-10, 8.504270e-03, 6.025119e-02)   ####  0.2013572




para_h<-c(6.094623e-12, 7.240910e-09, 2.314263e-10, 8.504270e-03, 1.025119e-00)




para_h<-c(3.094623e-12, 5.240910e-09, 2.314263e-10, 8.504270e-09, 1.025119e+02)


para_h<-c(7.230695e-06, 1.162360e-06, 4.635136e+02, 6.020566e-01, 4.999993e-01) ####  0.217505 Gauss




para_h<-c(6.094623e-12, 7.240910e-09, 2.314263e+01, 8.504270e-03, 6.025119e-03)#### 0.2013571 Gauss



para_h<-c(6.094623e-12, 7.240910e-09, 2.314263e+02, 8.504270e-03, 6.025119e-07)#### 0.2013562 Gauss



para_h<-c(6.094623e-12, 7.240910e-09, 2.314263e+02, 8.504270e-02, 6.025119e-09)#### 0.2013562 Gauss

para_h<-c(5.881028e-07, 1.506407e-06, 4.550518e+02, 6.500114e-01 ,8.596182e+00)#### 0.0109133

Data.N=Data.N2


para_distribution1=para_distribution


