para_h<-c(2.181817e-04, 9.872674e-02 , 2.478763e+01,  6.332386e-05, -9.564263e-03,   117.0841) ###  0.07298146


para_h<-c(2.169572e-04, 9.637937e-02,  2.478883e+01,   4.539364e-05, -8.790387e-03,  127.4163) ### 0.06851591


para_h<-c(1.328581e-04,  7.404547e-04,  2.079676e+03,  3.859706e-05, -8.043285e-03,  1.279372e+02) ## 0.06897148


para_h<-c(6.575979e-06,  1.401952e-03,  3.017424e+03,  5.140778e-05, -9.012191e-03 , 139.8189) ## 0.04973391

para_h<-c(2.168517e-04 , 8.263630e-02 , 1.079152e+02,  4.459861e-05, -8.529797e-03 , 131.3174) ## 0.06681472

para_h<-c(4.078164e-06,   1.264257e-03,   3.317767e+03,   5.053892e-05, -8.756327e-03,    127.913) ##  0.05379426

para_h<-c(4.800193e-06 ,  1.262054e-03,   3.317767e+03 ,  5.008098e-05 , -8.252344e-03 ,  1.279259e+02) ## 0.05379603

para_h<-c(1.954353e-04,  8.508242e-03,  2.079682e+02,  4.849633e-05, -8.854745e-03,  127.9362) ## 0.0667508
























